26 0.5875 0.865625 0.2953125 0.2203125
20 0.725 0.75078125 0.41875 0.2046875
28 0.8484375 0.53828125 0.196875 0.4
14 0.634375 0.59765625 0.2484375 0.1796875
31 0.64296875 0.4890625 0.271875 0.128125
32 0.6796875 0.325 0.315625 0.2515625
27 0.7234375 0.178125 0.146875 0.0953125
33 0.51796875 0.19296875 0.3171875 0.3125
1 0.4625 0.37265625 0.1625 0.159375
2 0.38359375 0.4453125 0.1 0.1015625
22 0.28359375 0.32578125 0.2703125 0.4015625
29 0.234375 0.5265625 0.1140625 0.10625
25 0.13671875 0.32890625 0.134375 0.2609375
10 0.2859375 0.7046875 0.2484375 0.384375
24 0.46015625 0.57265625 0.1125 0.1375
23 0.43671875 0.7453125 0.1875 0.190625