34 0.87890625 0.56484375 0.2015625 0.3640625
20 0.66015625 0.24140625 0.4296875 0.20625
23 0.6640625 0.39609375 0.2265625 0.20625
23 0.50390625 0.49609375 0.171875 0.2
25 0.728125 0.571875 0.146875 0.25625
28 0.63203125 0.75 0.4109375 0.2296875
31 0.47421875 0.35078125 0.2421875 0.2453125
26 0.3328125 0.29765625 0.240625 0.29375
24 0.61875 0.5828125 0.1234375 0.1671875
29 0.52421875 0.63125 0.1 0.115625
27 0.42890625 0.60625 0.109375 0.140625
1 0.3578125 0.50625 0.1640625 0.178125
22 0.3046875 0.71796875 0.3640625 0.33125
2 0.26640625 0.46640625 0.1296875 0.1203125
10 0.16328125 0.46484375 0.26875 0.3859375
20 0.6921875 0.05546875 0.415625 0.1109375
22 0.26953125 0.91953125 0.33125 0.1484375