16 0.640625 0.0890625 0.2296875 0.1515625
23 0.5078125 0.2109375 0.1953125 0.1875
24 0.6328125 0.46875 0.128125 0.1203125
28 0.2234375 0.4578125 0.190625 0.3875
10 0.7390625 0.3265625 0.2609375 0.321875
14 0.4921875 0.3546875 0.2375 0.18125
30 0.44375 0.478125 0.2296875 0.2109375
1 0.6 0.63125 0.153125 0.15
29 0.6875 0.54375 0.103125 0.1
22 0.775 0.678125 0.2546875 0.359375
32 0.3359375 0.7609375 0.296875 0.2421875
33 0.5671875 0.79375 0.2765625 0.3125
28 0.03125 0.4578125 0.0625 0.3875
10 0.96796875 0.3265625 0.0640625 0.321875
22 0.9515625 0.678125 0.096875 0.359375