34 0.4984375 0.115625 0.34375 0.14375
20 0.2171875 0.3875 0.1359375 0.4125
23 0.36875 0.35625 0.175 0.1984375
23 0.4953125 0.496875 0.178125 0.14375
25 0.53125 0.2625 0.2421875 0.10625
28 0.7234375 0.3265625 0.165625 0.3875
31 0.3578125 0.5515625 0.2125 0.2078125
26 0.3296875 0.7 0.2625 0.1984375
24 0.5609375 0.36875 0.153125 0.0984375
29 0.625 0.453125 0.103125 0.0828125
27 0.6171875 0.5515625 0.1265625 0.0890625
1 0.53125 0.6390625 0.15625 0.1390625
22 0.7484375 0.6546875 0.2796875 0.3203125
2 0.5078125 0.7359375 0.1015625 0.1140625
10 0.5234375 0.8375 0.3546875 0.2109375
20 0.025 0.3875 0.05 0.4125
22 0.953125 0.65390625 0.09375 0.3203125