16 0.28359375 0.8765625 0.2546875 0.1921875
23 0.4375 0.78203125 0.228125 0.221875
24 0.36328125 0.50546875 0.1484375 0.1421875
28 0.76328125 0.59453125 0.2609375 0.4171875
10 0.23203125 0.625 0.3171875 0.365625
14 0.4796875 0.64375 0.2671875 0.2234375
30 0.55078125 0.53203125 0.265625 0.2515625
1 0.4265625 0.35234375 0.1796875 0.1765625
29 0.32421875 0.42109375 0.1203125 0.1171875
22 0.2640625 0.27265625 0.31875 0.4015625
32 0.7109375 0.275 0.3375 0.29375
33 0.48984375 0.1984375 0.33125 0.359375
28 0.9421875 0.63046875 0.115625 0.3921875
10 0.03515625 0.58125 0.0703125 0.328125
22 0.090625 0.2390625 0.1640625 0.371875