26 0.1328125 0.58046875 0.225 0.2984375
20 0.2453125 0.7203125 0.2109375 0.421875
28 0.45546875 0.84765625 0.4015625 0.203125
14 0.4 0.63203125 0.1828125 0.2515625
31 0.50859375 0.64296875 0.1328125 0.2734375
32 0.671875 0.6828125 0.25625 0.31875
27 0.81796875 0.72890625 0.096875 0.1484375
33 0.80703125 0.52265625 0.3171875 0.321875
1 0.628125 0.46484375 0.1625 0.165625
2 0.55625 0.38515625 0.103125 0.1015625
22 0.678125 0.28671875 0.40625 0.2765625
29 0.478125 0.23359375 0.1078125 0.115625
25 0.67734375 0.13984375 0.2625 0.1390625
10 0.29921875 0.28203125 0.3890625 0.2546875
24 0.42734375 0.45859375 0.140625 0.115625
23 0.25546875 0.4328125 0.19375 0.190625