26 0.39375 0.1390625 0.284375 0.20625
20 0.2625 0.2609375 0.409375 0.1828125
28 0.15 0.4796875 0.1765625 0.390625
14 0.3609375 0.409375 0.240625 0.1671875
31 0.3578125 0.51875 0.265625 0.1140625
32 0.3296875 0.684375 0.303125 0.2359375
27 0.29375 0.8328125 0.1421875 0.0875
33 0.4984375 0.8078125 0.3015625 0.296875
1 0.54375 0.625 0.1546875 0.1515625
2 0.61875 0.5484375 0.0953125 0.096875
22 0.725 0.6625 0.25 0.3890625
29 0.7640625 0.459375 0.109375 0.1
25 0.871875 0.6515625 0.121875 0.2546875
10 0.703125 0.284375 0.2296875 0.3734375
24 0.5359375 0.425 0.10625 0.1328125
23 0.55 0.2515625 0.178125 0.18125