16 0.89375 0.6828125 0.175 0.24375
23 0.78671875 0.53828125 0.20625 0.2140625
24 0.5171875 0.63515625 0.1328125 0.140625
28 0.57109375 0.2296875 0.4046875 0.2296875
10 0.64765625 0.75625 0.346875 0.29375
14 0.6453125 0.50703125 0.2046875 0.2546875
30 0.52734375 0.44609375 0.234375 0.25
1 0.359375 0.5859375 0.165625 0.1671875
29 0.43671875 0.68203125 0.1109375 0.1125
22 0.29375 0.7546875 0.384375 0.290625
32 0.2578125 0.309375 0.271875 0.3203125
33 0.20078125 0.5359375 0.3390625 0.3078125
28 0.58984375 0.04453125 0.3921875 0.0890625
10 0.62265625 0.9671875 0.3265625 0.065625
22 0.27578125 0.93046875 0.3671875 0.134375