34 0.128125 0.40234375 0.228125 0.36875
20 0.31796875 0.74375 0.434375 0.2375
23 0.32734375 0.58984375 0.2375 0.2203125
23 0.49609375 0.50390625 0.184375 0.209375
25 0.27890625 0.40859375 0.165625 0.2609375
28 0.390625 0.2390625 0.4171875 0.2609375
31 0.51328125 0.65078125 0.25625 0.259375
26 0.64921875 0.71640625 0.259375 0.3046875
24 0.3890625 0.40703125 0.134375 0.1734375
29 0.48671875 0.3671875 0.10625 0.1203125
27 0.58046875 0.4 0.11875 0.1453125
1 0.6421875 0.50546875 0.175 0.1875
22 0.7140625 0.3 0.38125 0.353125
2 0.7296875 0.55390625 0.1359375 0.128125
10 0.83203125 0.56484375 0.2953125 0.396875
20 0.26796875 0.92578125 0.4109375 0.1484375
22 0.765625 0.10234375 0.334375 0.1734375