22 0.50234375 0.39453125 0.2671875 0.209375
14 0.69453125 0.36328125 0.178125 0.153125
16 0.44453125 0.60078125 0.1984375 0.203125
1 0.5046875 0.51328125 0.1328125 0.125
20 0.68046875 0.45 0.2875 0.140625
10 0.63125 0.5625 0.2515625 0.1625
22 0.43984375 0.14296875 0.2671875 0.209375
14 0.62421875 0.08125 0.178125 0.153125
16 0.3078125 0.0515625 0.1671875 0.075
16 0.515625 0.884375 0.1984375 0.203125
1 0.3890625 0.05 0.1265625 0.0984375
1 0.609375 0.93359375 0.1328125 0.125
20 0.5703125 0.03984375 0.2875 0.0796875
20 0.79453125 0.9046875 0.2875 0.1375
10 0.6984375 0.83046875 0.2515625 0.1625