22 0.39609375 0.484375 0.184375 0.253125
14 0.3875 0.290625 0.1375 0.1671875
16 0.59296875 0.5671875 0.1875 0.18125
1 0.5140625 0.496875 0.1125 0.1234375
20 0.47265625 0.31484375 0.1078125 0.2859375
10 0.578125 0.37734375 0.1375 0.2421875
22 0.13828125 0.51640625 0.184375 0.253125
14 0.09921875 0.32578125 0.1375 0.1671875
16 0.03203125 0.6359375 0.05625 0.165625
16 0.88359375 0.53203125 0.1875 0.18125
1 0.04140625 0.55390625 0.0828125 0.1203125
1 0.94296875 0.44375 0.1125 0.1234375
20 0.03828125 0.36953125 0.0765625 0.2859375
20 0.9375 0.25703125 0.1046875 0.284375
10 0.85234375 0.34375 0.1375 0.2421875