22 0.3984375 0.471875 0.15625 0.2359375
14 0.4140625 0.278125 0.1203125 0.153125
16 0.584375 0.578125 0.16875 0.1625
1 0.5140625 0.4984375 0.1 0.1125
20 0.4953125 0.3125 0.075 0.278125
10 0.5921875 0.3875 0.109375 0.23125
22 0.1390625 0.471875 0.15625 0.2359375
14 0.1234375 0.278125 0.1203125 0.153125
16 0.01875 0.578125 0.0375 0.1625
16 0.8765625 0.578125 0.16875 0.1625
1 0.03671875 0.4984375 0.0734375 0.1125
1 0.946875 0.4984375 0.1 0.1125
20 0.0421875 0.3125 0.075 0.278125
20 0.9640625 0.3125 0.071875 0.278125
10 0.86875 0.3875 0.109375 0.23125